Tringali:100:(38.356647,-122.481920)
Saal:106:(38.344783,-122.481185)
Asker:102:(38.365840,-122.463950)
Keenley:103:(38.346616,-122.475139)
DeNola:104:(38.365695,-122.473387)
Jones:105:(38.337597, -122.489526)
AlcantaR:101:(38.375340, -122.465148)
TopWorld:107:(38.377976, -122.463198)
Matthews:108:(38.390190, -122.474901)
Manwell:109:(38.3769021, -122.4788338)
Apgar:110:(38.369859,-122.457531)
Alcantar:20:(38.374482, -122.465166)
Schwager:21:(38.363667, -122.471601)
Matthews:22:(38.390190, -122.4735)